1961 12 27 6 -13.2 
1962 12 23 6 -10 
1963 1 10 6 -15.8 
1964 2 19 6 -11.4 
1965 2 28 6 -16 
1966 2 9 6 -13.8 
1967 1 7 6 -11.6 
1968 1 12 6 -13.8 
1969 2 15 6 -14.6 
1970 2 6 6 -15 
1971 3 4 6 -12.6 
1972 1 29 6 -9.4 
1973 12 1 6 -11.1 
1974 12 13 18 -3 
1975 2 16 6 -8.6 
1976 1 16 6 -11.5 
1977 2 27 6 -7.5 
1978 2 19 6 -12.8 
1979 2 14 6 -14.8 
1980 1 26 6 -14.8 
1981 12 27 6 -14.9 
1982 1 7 18 -16 
1983 2 13 6 -11 
1984 1 22 6 -7.3 
1985 2 9 6 -18.8 
1986 2 25 6 -15 
1987 1 10 18 -21 
1988 11 21 6 -8.7 
1989 11 25 6 -8.3 
1990 12 14 6 -4.6 
1991 2 18 6 -7.6 
1992 12 28 6 -7.8 
1993 1 30 6 -8 
1994 1 17 6 -6.8 
1995 12 27 6 -15.4 
1996 1 4 6 -16.3 
1997 1 5 6 -12.4 
1998 1 26 6 -10.6 
1999 2 10 6 -12.6 
2000 1 24 6 -12.8 
2001 12 31 6 -17.8 
2002 12 31 6 -11.7 
2003 1 11 6 -18.8 
2004 1 22 6 -13.7 
2005 3 4 6 -15.3 
2006 3 7 6 -16 
2007 1 23 6 -11.4 
2008 3 23 6 -6.9 
2009 1 8 6 -10.2 
2010 12 21 18 -16.2 
2011 1 3 6 -14 
2012 2 4 6 -14.5 
2013 1 25 6 -14.5 
2014 12 26 6 -8.7 
2015 2 6 6 -6 
