1961 7 2 12 27.9 
1962 6 15 12 24.4 
1963 8 7 12 27.4 
1964 8 27 12 29.2 
1965 7 20 12 24.6 
1966 6 17 12 27.3 
1967 7 28 12 27.6 
1968 6 17 12 28.9 
1969 8 8 12 30.2 
1970 7 8 12 28.5 
1971 8 21 12 29.1 
1972 7 18 12 28.2 
1973 7 6 12 28 
1974 8 31 15 25.1 
1975 8 7 15 33.2 
1976 7 3 15 28 
1977 6 14 12 27 
1978 7 31 15 28.2 
1979 6 2 12 29.4 
1980 6 11 12 26.7 
1981 8 8 12 28.4 
1982 8 8 12 30.8 
1983 7 11 12 29.6 
1984 8 24 12 26.8 
1985 7 14 12 26.8 
1986 7 3 12 27.4 
1987 6 30 12 26.5 
1988 6 9 12 27.9 
1989 7 8 12 31.2 
1990 8 4 12 30 
1991 7 8 12 31 
1992 8 10 12 31.6 
1993 5 21 12 26.5 
1994 7 26 12 32 
1995 7 30 12 29.8 
1996 6 8 12 27.4 
1997 8 13 18 26.4 
1998 7 21 18 24 
1999 8 5 18 25.6 
2000 6 20 18 28.9 
2001 7 6 18 25.6 
2002 8 1 18 26 
2003 8 8 18 25.8 
2004 8 9 18 26.5 
2005 7 11 18 29.5 
2006 7 6 18 28.5 
2007 6 11 18 27.5 
2008 7 27 18 28.3 
2009 7 4 18 27.7 
2010 7 10 18 29 
2011 6 6 18 24.5 
2012 7 25 18 27.7 
2013 6 20 18 24.8 
2014 7 29 18 26.4 
2015 7 5 18 25.9 
